0.00333333
0.00194444
0.00694444
0.00777778
0.00527778
0.00597222
0.00375
0.00388889
0.00305556
0.00347222
0.00430556
0.00375
0.00416667
0.00416667
0.00416667
0.00416667
0.00416667
0.00416667
0.00402778
0.00430556
0.00430556
0.00430556
0.00430556
0.00430556
0.00402778
0.00416667
0.00416667
0.00416667
0.00416667
0.00416667
0.005
0.005
0.00486111
0.00486111
0.00486111
0.00486111
0.00486111
0.00486111
0.00486111
0.00486111
0.00486111
0.00486111
0.00486111
0.00486111
0.00402778
0.00402778
0.00402778
0.00402778
0.00402778
0.00402778
0.00402778
0.00402778
0.00402778
0.00402778
0.00333333
0.00333333
0.00333333
0.00333333
0.00333333
0.00333333
0.00361111
0.00361111
0.00361111
0.00361111
0.00361111
0.00361111
0.00361111
0.00361111
0.00375
0.00375
0.00375
0.00375
0.00388889
0.00430556
0.00430556
0.00430556
0.00430556
0.00430556
0.00472222
0.00541667
0.00541667
